34.0705822 -118.4494353
34.0706073 -118.4493864
34.0706179 -118.4493599
34.0706448 -118.4492835
34.0707021 -118.4493127
34.0707413 -118.4493338
34.0710917 -118.4495069
34.0711659 -118.4495399
34.0712259 -118.4495513
34.0713324 -118.4495627
34.0718209 -118.4495636
34.0718568 -118.4495637
34.0718907 -118.449564
34.0724372 -118.449567
34.0725423 -118.4495627
34.0726401 -118.4495439
34.0727322 -118.4495131
34.0727665 -118.4495017
34.0727996 -118.4494872
34.0729254 -118.449425
34.0730116 -118.4493722
34.0730779 -118.4493154
34.0731492 -118.4492249
34.0731844 -118.449174
34.0732091 -118.4491277
34.0732364 -118.4490384
34.073274 -118.4489014
34.0732898 -118.4487822
34.0732901 -118.4486651
34.0732796 -118.4485797
34.0732527 -118.448464
34.0732144 -118.4483356
34.0731876 -118.448217
34.0731744 -118.4481218
34.0731729 -118.4479781
34.0731861 -118.4478448
34.0732148 -118.4477127
34.0733068 -118.4473835
34.0733096 -118.447349
34.0733027 -118.447204
34.0732929 -118.4470807
34.0732725 -118.446855
34.0732735 -118.446723
34.0732919 -118.446476
34.0732907 -118.446084
34.0732932 -118.4455091
34.0733074 -118.445291
34.0733266 -118.4451737
34.0733385 -118.4451318
34.0733811 -118.4450326
34.0734463 -118.4449378
34.073562 -118.4449466
34.0737511 -118.4451411
34.0738278 -118.445221
34.0738999 -118.4451424
34.0739734 -118.4450804
34.0740502 -118.4450288
34.0741382 -118.4449856
34.0742137 -118.4449551
34.0742891 -118.4449338
34.0754351 -118.4446874
34.0755179 -118.44467
34.0755837 -118.4446562
34.0756275 -118.4446494
34.076326 -118.4444947
34.0764196 -118.4444656
34.0764819 -118.4444385
34.0765558 -118.4443966
34.0766463 -118.44433
34.0767335 -118.4442445
34.0768202 -118.4441341
34.0768896 -118.4440277
34.0769414 -118.4439212
34.0770852 -118.4436102
34.0772112 -118.4433255
34.0773863 -118.4429281
34.0774179 -118.4428324
34.0774376 -118.4427445
34.0774555 -118.4426083
34.0774645 -118.4424809
34.0774727 -118.4421815
34.0774758 -118.4411425
34.0774937 -118.4409499
34.0775268 -118.4407625
34.0775749 -118.440581
34.0776551 -118.4403783
34.0777703 -118.4401538
34.0778891 -118.4399688
34.0782515 -118.4394399
34.078167 -118.4393517
34.0781425 -118.4393265
34.0779948 -118.4391866
34.0779124 -118.4391318
34.0777815 -118.4390711
34.0776948 -118.4390485
34.0775318 -118.4390318
34.0772298 -118.4390381
34.0770607 -118.4389923
34.0769257 -118.4389289
34.0766368 -118.4387611
34.076417 -118.4387099
34.0761205 -118.4387273
34.0759877 -118.4387383
34.0758721 -118.4387248
34.0757911 -118.4387072
34.0756853 -118.4386754
34.0750713 -118.4383796
34.0748692 -118.4382803
34.0741162 -118.4379314
34.0740634 -118.438086
34.0740061 -118.4382422
34.0739104 -118.4384617
34.0738026 -118.4383528
34.0737884 -118.4383343
34.0736075 -118.4381112
34.0735458 -118.4380594
34.0733082 -118.4379398
34.0730661 -118.4378281
34.0729184 -118.4377774
34.0727418 -118.4377472
34.0725507 -118.4377403
34.0724239 -118.4377434
34.0723712 -118.4377493
34.0722976 -118.4377694
34.0722295 -118.4377955
34.0722492 -118.437913
34.0722457 -118.439534
34.0722457 -118.439567