34.0686285 -118.449006
34.0685562 -118.4489537
34.0685968 -118.448843
34.0686684 -118.4486251
34.0687403 -118.4483797
34.0688332 -118.448365
34.0689861 -118.4483718
34.0690552 -118.4483837
34.0691264 -118.4484338
34.0691854 -118.44849
34.0692598 -118.4486007
34.0693076 -118.4486669
34.0693466 -118.4487178
34.0694084 -118.4487594
34.0694635 -118.4487815
34.0695114 -118.448792
34.0696815 -118.4487969
34.0697418 -118.4488047
34.0698346 -118.4488238
34.0699414 -118.448857
34.0700463 -118.4489089
34.0701447 -118.4489696
34.070165 -118.4489843
34.0703115 -118.4490958
34.070414 -118.4491636
34.0705454 -118.449234
34.070572 -118.4492469
34.0706448 -118.4492835
34.0707021 -118.4493127
34.0707413 -118.4493338
34.0710917 -118.4495069
34.0711659 -118.4495399
34.0712259 -118.4495513
34.0713324 -118.4495627
34.0718209 -118.4495636
34.0718568 -118.4495637
34.0718907 -118.449564
34.0724372 -118.449567
34.0725423 -118.4495627
34.0726401 -118.4495439
34.0727322 -118.4495131
34.0727665 -118.4495017
34.0727996 -118.4494872
34.0729254 -118.449425
34.0730116 -118.4493722
34.0730779 -118.4493154
34.0731492 -118.4492249
34.0731844 -118.449174
34.0732091 -118.4491277
34.0732364 -118.4490384
34.073274 -118.4489014
34.0732898 -118.4487822
34.0732901 -118.4486651
34.0732796 -118.4485797
34.0732527 -118.448464
34.0732144 -118.4483356
34.0731876 -118.448217
34.0731744 -118.4481218
34.0731729 -118.4479781
34.0731861 -118.4478448
34.0732148 -118.4477127
34.0733068 -118.4473835
34.0733096 -118.447349
34.0733027 -118.447204
34.0732929 -118.4470807
34.0732725 -118.446855
34.0732735 -118.446723
34.0732919 -118.446476
34.0732907 -118.446084
34.0732932 -118.4455091
34.0733074 -118.445291
34.0733266 -118.4451737
34.0733385 -118.4451318
34.0733811 -118.4450326
34.0734463 -118.4449378
34.0733664 -118.4448858